01001011
00010000
00000111
11001010
00110000
01000001
00001101
10000101
01000000
00001000
11001000
01000000
00010000
01110111
00011000
00001010
01000001
10000001
00000101
11001011
01000000
00001000
11000010
01011111
00011000
01101011
00100000
00000110
00001110
11011011
11111100
00011000
00100001
01000001
00001000
11000010
00110100
00110011
00001010
10000010
01001101
00001000
11001000
00100000
00011001
01000001
00001000
11000010
00110100
00110011
00001010
10000010
01001101
00001000
11001000
01000000
00010000
01111111
00001000
01010000
10000011
00001010
01000001
10000000
00001101
11001011
01001101
00011000
00001000
11000010
00000110
00001110
11011011
01000001
00001010
10000010
01111001
00001000
11001001
01111111
00001000
01011111
10000010
01111111
00001000
01011011
10000011
01000000
00001000
11000000
00000110
00111000
11001010
11101011
10111111
