00001111
01011100
10101010
00010111
10000110
01000011
11001010
00101101
10011111
11010011
00100001
10100110
01010001
11011100
00001001
10001110
01101100
00011100
10111111
00000111
11101000
00110010
10101110
01110111
11111001
11100001
00000100
11000111
00000001
11111010
01101111
01001110
10111001
00001100
11101111
00111000
11110100
01100100
10110011
11010111
00100110
10001001
00111101
11111101
10010110
01011000
11000100
00011010
10110110
01111101
00000000